1	Gonzaga 1	WCC	28-4	+30.95	120.7	3	89.7	10	72.5	5	-.039	271	+4.24	93	104.6	101	100.3	89	-2.88	248
2	Houston 5	Amer	32-6	+27.70	116.8	10	89.1	8	63.6	338	-.012	203	+5.89	75	105.5	81	99.6	62	+0.18	154
3	Kansas 1	B12	34-6	+27.49	119.2	6	91.7	17	69.3	65	+.041	88	+12.60	1	108.0	20	95.4	1	+4.13	49
4	Baylor 1	B12	27-7	+27.04	118.0	8	91.0	13	67.4	163	+.004	163	+10.96	13	107.4	36	96.5	7	-1.89	216
5	Arizona 1	P12	33-4	+25.96	118.6	7	92.6	21	72.2	9	+.048	75	+6.45	70	105.9	70	99.5	58	-0.78	180
6	Kentucky 2	SEC	26-8	+25.72	120.0	5	94.3	36	67.5	150	-.043	279	+8.88	30	106.5	58	97.6	14	-2.72	242
7	Texas Tech 3	B12	27-10	+25.64	110.7	42	85.0	1	66.5	218	-.031	247	+10.98	12	107.8	26	96.8	9	-8.24	347
8	Duke 2	ACC	32-7	+25.15	121.1	1	95.9	49	67.3	172	-.010	199	+8.22	42	107.8	24	99.6	63	-4.58	288
9	Tennessee 3	SEC	27-8	+25.10	111.5	35	86.4	3	67.4	157	+.029	117	+11.39	10	108.5	9	97.1	13	+4.85	42
10	Villanova 2	BE	30-8	+24.56	117.5	9	92.9	23	62.3	347	+.060	58	+11.46	9	109.1	6	97.6	15	+8.65	14
11	UCLA 4	P12	27-8	+24.26	115.9	12	91.7	16	65.2	277	-.029	245	+8.50	39	107.2	43	98.7	38	+3.67	64
12	Auburn 2	SEC	28-6	+23.20	112.7	25	89.5	9	70.1	42	-.021	226	+8.35	41	106.9	52	98.6	35	+3.70	62
13	Iowa 5	B10	26-10	+22.72	120.5	4	97.8	80	69.7	53	-.061	309	+7.31	61	107.1	45	99.8	69	-6.82	326
14	Purdue 3	B10	29-8	+22.36	121.0	2	98.6	93	66.1	237	+.022	133	+8.81	33	108.0	19	99.2	49	-3.54	261
15	Texas 6	B12	22-12	+20.88	112.5	26	91.6	14	63.8	336	-.043	281	+10.68	15	107.7	27	97.0	12	-8.15	343
16	North Carolina 8	ACC	29-10	+20.13	114.4	18	94.3	35	70.2	39	+.072	46	+9.90	19	109.0	8	99.1	47	+3.79	61
17	Saint Mary's 5	WCC	26-8	+19.53	110.1	51	90.6	12	63.6	339	+.039	96	+6.89	65	106.8	54	99.9	71	+3.31	72
18	Arkansas 4	SEC	28-9	+19.46	109.9	53	90.4	11	70.7	28	+.038	99	+9.08	27	107.5	33	98.4	28	-2.78	245
19	Virginia Tech 11	ACC	23-13	+18.86	115.0	17	96.1	54	63.3	340	-.062	310	+7.88	50	107.4	37	99.5	59	-0.53	174
20	Illinois 4	B10	23-10	+18.75	112.0	30	93.3	29	67.2	179	+.033	110	+10.44	17	109.0	7	98.6	34	+1.39	123
21	LSU 6	SEC	22-12	+18.65	107.3	89	88.7	6	68.6	101	-.052	298	+9.10	26	107.2	44	98.1	21	-1.21	191
22	Connecticut 5	BE	23-10	+18.55	113.8	22	95.3	43	64.8	300	-.038	269	+7.39	59	105.7	77	98.3	24	-3.58	262
23	San Francisco 10	WCC	24-10	+17.38	110.5	44	93.1	26	68.9	82	-.042	277	+5.18	80	105.5	82	100.3	87	+2.23	97
24	Memphis 9	Amer	22-11	+17.23	111.2	38	94.0	33	69.9	49	-.028	242	+7.43	57	106.4	59	99.0	46	+4.46	45
25	San Diego St. 8	MWC	23-9	+17.07	103.4	167	86.3	2	65.4	268	-.003	182	+5.95	74	105.5	78	99.6	60	+2.56	93
26	TCU 9	B12	21-13	+17.02	108.7	74	91.7	15	65.9	246	+.014	144	+11.74	6	108.0	21	96.2	5	-5.00	298
27	Michigan 11	B10	19-15	+16.61	113.9	21	97.2	74	66.7	203	-.019	217	+12.15	4	109.8	1	97.7	18	+6.27	27
28	Alabama 6	SEC	19-14	+16.57	115.2	16	98.6	92	71.9	11	-.022	229	+12.58	2	109.4	2	96.9	10	+10.15	10
29	Loyola Chicago 10	MVC	25-8	+16.52	108.6	75	92.1	18	64.7	308	+.012	149	+3.12	105	104.7	98	101.6	113	+3.15	79
31	Ohio St. 7	B10	20-12	+16.24	115.5	13	99.3	111	65.0	289	-.017	213	+9.83	20	108.3	13	98.4	30	+2.31	96
32	Providence 4	BE	27-6	+15.89	111.5	36	95.6	44	65.2	276	+.164	1	+7.74	53	106.7	55	99.0	45	+0.26	152
36	Murray St. 7	OVC	31-3	+15.42	111.5	34	96.1	52	66.1	241	+.074	43	-3.09	218	101.1	227	104.2	212	+4.29	47
37	Wisconsin 3	B10	25-8	+15.34	109.3	62	94.0	34	66.5	215	+.105	15	+9.77	21	108.4	12	98.6	37	+2.91	85
38	Notre Dame 11	ACC	24-11	+15.25	112.4	28	97.2	69	65.6	258	+.017	141	+7.81	52	107.1	48	99.3	53	+2.70	90
39	Boise St. 8	MWC	27-8	+15.14	107.5	86	92.4	20	64.4	318	+.029	116	+5.47	79	104.8	95	99.3	54	+0.55	141
40	Davidson 10	A10	27-7	+14.85	116.8	11	101.9	155	64.7	307	-.020	221	+1.72	115	102.7	164	100.9	104	-1.98	219
41	Miami FL 10	ACC	26-11	+14.80	113.9	19	99.1	107	67.7	134	+.088	27	+8.63	35	107.5	35	98.8	42	+0.38	144
42	Michigan St. 7	B10	23-13	+14.76	111.9	31	97.1	67	67.5	147	+.052	69	+10.93	14	109.4	4	98.5	32	+3.91	56
43	Iowa St. 11	B12	22-13	+14.63	103.1	171	88.5	5	66.3	226	+.049	74	+11.25	11	108.1	16	96.9	11	-6.84	327
46	Colorado St. 6	MWC	25-6	+14.45	112.9	24	98.4	89	65.4	270	+.121	6	+5.02	84	104.9	88	99.9	72	-2.32	230
47	USC 7	P12	26-8	+14.14	109.8	54	95.6	45	66.2	231	+.060	57	+5.14	81	104.8	90	99.7	67	-4.72	292
48	Indiana 12	B10	21-14	+14.04	107.0	95	92.9	24	67.2	175	-.020	223	+8.51	38	108.1	17	99.6	64	-6.23	319
49	Mississippi St.	SEC	18-16	+13.86	109.7	56	95.8	46	65.6	259	-.087	341	+7.96	47	106.3	61	98.3	25	-1.63	202
50	Creighton 9	BE	23-12	+13.78	105.9	112	92.2	19	67.2	178	+.086	28	+9.11	25	107.5	34	98.4	27	-0.67	178
51	UAB 12	CUSA	27-8	+13.67	112.4	27	98.8	99	68.9	79	-.035	256	-0.77	159	102.0	189	102.8	147	-2.46	234
52	Seton Hall 8	BE	21-11	+13.61	107.1	91	93.5	31	67.3	167	+.033	111	+8.91	29	107.5	32	98.6	36	+0.99	130
53	Xavier	BE	23-13	+13.36	111.2	37	97.8	82	68.6	100	+.010	152	+7.92	48	106.4	60	98.4	31	+0.98	131
54	Vermont 13	AE	28-6	+13.20	111.1	39	97.9	83	64.9	292	-.028	241	-7.00	319	99.0	323	106.0	293	+1.92	107
55	St. John's	BE	17-15	+13.07	110.3	46	97.2	72	73.6	1	-.101	346	+6.71	68	105.8	72	99.1	48	-7.17	333
56	Marquette 9	BE	19-13	+13.06	109.2	64	96.2	55	70.9	25	+.021	137	+9.50	23	107.3	40	97.8	20	+4.04	51
65	Wyoming 12	MWC	25-9	+11.94	109.1	67	97.2	71	66.1	239	+.056	65	+4.10	97	104.7	97	100.6	100	-1.05	186
66	West Virginia	B12	16-17	+11.76	108.3	77	96.6	63	68.0	122	-.001	177	+12.52	3	108.4	11	95.9	4	-0.37	168
67	Chattanooga 13	SC	27-8	+11.51	109.0	69	97.5	76	64.7	304	+.007	158	+0.46	131	105.1	85	104.7	240	+1.74	111
77	Rutgers 11	B10	18-14	+10.82	106.9	96	96.1	53	64.9	295	+.001	172	+7.92	49	108.1	18	100.2	81	-10.43	354
78	St. Bonaventure	A10	23-10	+10.71	109.2	65	98.5	91	65.7	254	+.100	18	+4.94	87	104.8	94	99.8	68	+1.64	114
79	Colorado	P12	21-12	+10.64	106.5	108	95.9	48	67.4	160	+.041	89	+5.01	86	105.5	79	100.5	93	-7.62	339
80	New Mexico St. 12	WAC	27-7	+10.61	107.1	92	96.5	61	66.1	238	+.085	30	+1.21	122	102.5	172	101.3	109	+3.48	71
81	South Dakota St. 13	Sum	30-5	+10.58	115.4	14	104.8	217	69.4	61	+.054	67	-4.16	249	102.9	158	107.1	332	+3.60	66
82	Oregon	P12	20-15	+10.33	110.0	52	99.6	115	67.9	123	+.014	146	+7.47	56	106.3	63	98.8	40	+3.17	78
83	Maryland	B10	15-17	+10.06	109.4	61	99.3	112	66.6	211	-.035	259	+9.02	28	108.5	10	99.5	57	-0.52	173
84	Drake	MVC	25-11	+9.48	108.8	73	99.3	113	66.2	228	-.006	192	+0.69	129	103.7	126	103.0	156	-4.51	284
85	Richmond 12	A10	24-13	+9.45	108.1	79	98.7	94	66.8	197	+.061	55	+5.07	83	105.5	80	100.5	90	+2.42	94
102	Saint Peter's 15	MAAC	22-12	+7.24	100.3	231	93.0	25	65.9	247	+.018	139	+0.25	137	103.1	150	102.8	149	+3.97	52
117	Colgate 14	Pat	23-12	+4.41	108.2	78	103.8	201	67.2	177	-.076	329	-7.40	327	99.3	317	106.7	316	+2.10	101
126	Akron 13	MAC	24-10	+3.62	105.6	121	102.0	158	62.1	352	+.013	147	-5.13	270	100.7	255	105.8	280	-4.48	283
138	Montana St. 14	BSky	27-8	+2.94	104.3	150	101.4	143	67.5	153	+.085	29	-6.02	294	101.6	208	107.6	345	-1.34	199
139	Seattle	WAC	23-9	+2.92	99.9	240	96.9	65	70.5	32	+.043	85	-5.77	287	100.0	288	105.8	278	-9.96	352
140	Nebraska	B10	10-22	+2.83	105.8	117	102.9	178	71.2	19	-.057	306	+8.56	37	107.8	23	99.3	51	-3.49	259
141	Delaware 15	CAA	22-13	+2.64	107.0	94	104.3	213	66.7	204	+.038	101	-1.57	181	102.3	179	103.8	199	-3.75	268
142	California	P12	12-20	+2.38	100.5	222	98.2	84	64.1	330	-.048	291	+6.07	73	105.8	73	99.7	66	-2.67	239
143	Sam Houston St.	WAC	19-14	+2.31	100.6	221	98.3	86	64.8	299	-.004	184	-1.07	167	101.6	206	102.7	141	+3.30	74
144	Charleston	CAA	17-15	+2.27	104.7	142	102.4	163	73.5	2	-.035	257	-0.75	158	103.0	153	103.8	193	+1.38	124
145	Longwood 14	BSth	26-7	+2.22	105.9	114	103.7	199	66.1	236	+.115	7	-7.31	326	98.7	334	106.0	292	-7.20	334
146	UNC Wilmington	CAA	27-9	+2.04	105.1	135	103.1	183	65.5	263	+.155	3	-2.36	202	102.3	177	104.7	238	-5.48	306
147	Yale 14	Ivy	19-12	+1.98	100.7	218	98.8	98	68.8	88	+.063	53	-1.48	180	103.3	139	104.8	246	+0.65	137
148	Jacksonville St. 15	ASun	21-11	+1.97	105.1	134	103.2	184	65.1	283	-.005	189	-4.68	261	100.6	256	105.3	261	-0.23	161
149	Wagner	NEC	21-6	+1.67	101.9	196	100.3	123	66.5	217	+.081	33	-9.40	355	97.7	353	107.1	330	+1.43	122
150	Georgia St. 16	SB	18-11	+1.60	101.5	202	99.9	119	67.3	169	+.062	54	-0.97	163	101.2	223	102.1	123	+2.05	105
151	Kent St.	MAC	23-11	+1.58	101.6	198	100.0	121	66.0	243	+.056	66	-3.56	234	102.4	175	105.9	291	+0.30	147
152	North Dakota St.	Sum	23-10	+1.54	102.9	174	101.4	144	66.4	221	+.101	17	-5.42	278	102.8	162	108.2	353	-1.84	214
153	Drexel	CAA	15-14	+1.52	104.5	147	102.9	176	66.4	220	-.063	312	-1.07	168	103.4	136	104.4	229	+0.97	132
154	Cal St. Fullerton 15	BW	21-11	+1.47	104.1	152	102.7	173	66.1	242	+.047	77	-2.99	214	100.5	267	103.5	174	-3.84	270
172	Wright St. 16	Horz	22-14	-0.28	106.3	110	106.6	253	68.9	85	+.003	165	-6.76	316	100.2	280	107.0	326	-0.23	162
173	Fordham	A10	16-16	-0.43	94.7	321	95.1	41	67.6	139	+.017	140	-0.61	156	103.7	125	104.3	225	-7.43	336
174	Weber St.	BSky	21-12	-0.48	103.3	170	103.8	204	69.5	60	+.023	129	-6.01	292	101.0	232	107.0	325	-0.42	170
175	Georgetown	BE	6-25	-0.48	104.9	140	105.4	228	70.1	43	-.110	351	+8.39	40	106.5	56	98.1	22	-1.94	218
176	Norfolk St. 16	MEAC	24-7	-0.49	102.1	195	102.6	167	66.8	198	+.128	5	-10.02	357	95.5	358	105.5	267	-4.18	279
187	Texas Southern 16	SWAC	19-13	-1.28	97.6	274	98.9	102	68.2	113	+.022	131	-6.25	305	98.7	333	105.0	249	+10.00	11
188	Oakland	Horz	20-12	-1.31	102.9	175	104.2	211	67.4	158	+.022	132	-4.65	259	101.4	217	106.0	295	+8.53	16
189	Bryant 16	NEC	22-10	-1.32	103.8	160	105.1	223	72.6	4	+.112	11	-8.47	346	98.0	345	106.5	307	+0.01	156
245	Texas A&M Corpus Chris 16	Slnd	23-12	-6.55	96.6	291	103.2	185	69.4	63	+.028	119	-10.92	358	98.3	341	109.2	358	-9.14	34
