1	Gonzaga 1	WCC	37-2	+32.05	118.4	16	86.3	1	70.1	76	+.020	133	+2.99	89	106.2	84	103.3	105	+1.01	127
2	Villanova 1	BE	32-4	+29.88	122.4	3	92.5	12	64.1	324	+.010	166	+9.33	33	109.8	38	100.5	32	+3.55	61
3	North Carolina 1	ACC	33-7	+28.22	120.7	9	92.5	11	71.3	40	+.037	85	+12.49	6	112.0	4	99.5	19	+3.87	53
4	Kentucky 2	SEC	32-6	+27.72	119.1	12	91.4	7	72.0	26	+.006	175	+10.98	19	110.5	24	99.5	15	+3.74	56
5	Florida 4	SEC	27-9	+27.50	116.9	25	89.5	5	69.0	117	-.041	286	+12.46	7	110.3	28	97.8	2	+8.19	15
6	Kansas 1	B12	31-5	+27.45	121.9	5	94.5	24	70.2	72	+.067	32	+12.43	8	111.2	10	98.8	8	+2.39	80
7	West Virginia 4	B12	28-9	+27.17	116.5	26	89.4	4	69.9	84	-.043	289	+10.84	21	110.1	34	99.2	12	-7.97	340
8	Wichita St. 10	MVC	31-5	+26.14	118.7	13	92.6	13	68.0	191	-.021	238	+1.50	102	105.0	130	103.5	110	-0.32	161
9	Louisville 2	ACC	25-9	+25.51	117.2	22	91.7	8	67.9	194	-.023	244	+11.14	17	111.6	7	100.5	33	+4.20	48
10	Oregon 3	P12	33-6	+25.02	118.2	17	93.2	17	67.0	234	+.034	88	+8.05	50	109.2	47	101.2	51	+0.51	137
11	SMU 6	Amer	30-5	+24.73	119.8	10	95.0	27	63.5	333	+.003	183	+3.25	88	105.3	117	102.1	70	-0.92	179
12	Virginia 5	ACC	23-11	+24.29	112.2	50	88.0	2	59.2	351	-.030	258	+11.68	10	111.5	8	99.8	22	+2.29	82
13	Baylor 3	B12	27-8	+24.23	117.1	23	92.9	16	63.7	328	+.023	126	+13.08	5	111.7	6	98.6	6	+1.67	110
14	Duke 2	ACC	28-9	+24.17	121.0	6	96.8	47	68.3	175	+.014	150	+11.43	12	111.0	13	99.6	21	+0.03	153
15	Saint Mary's 7	WCC	29-5	+23.67	118.7	14	95.0	26	60.2	350	+.030	99	+0.41	127	104.3	163	103.9	117	-4.13	277
16	UCLA 3	P12	31-5	+23.63	124.0	2	100.4	85	72.6	20	+.021	132	+5.17	74	108.0	67	102.8	89	-4.66	291
17	Iowa St. 5	B12	24-11	+23.45	119.7	11	96.3	42	68.4	170	-.019	234	+14.05	3	112.6	2	98.6	5	-0.74	175
18	Arizona 2	P12	32-5	+23.31	118.4	15	95.1	29	66.0	277	+.046	66	+7.13	59	108.7	56	101.5	60	+1.69	107
19	Purdue 4	B10	27-8	+23.12	117.0	24	93.9	23	69.1	113	+.016	142	+9.00	38	109.6	39	100.6	42	-2.38	224
20	Michigan 7	B10	26-12	+23.05	122.3	4	99.2	69	63.1	338	-.025	252	+10.76	23	110.3	26	99.5	18	-0.53	170
21	Wisconsin 8	B10	27-10	+22.99	115.1	33	92.1	9	63.4	334	-.003	193	+10.00	29	110.6	22	100.6	38	-1.29	193
22	Oklahoma St. 10	B12	20-13	+22.48	126.0	1	103.5	155	70.4	66	-.071	324	+14.42	1	112.0	5	97.6	1	+3.07	67
23	Cincinnati 6	Amer	30-6	+22.18	114.9	34	92.8	15	63.5	330	+.026	116	+4.17	80	107.1	75	103.0	94	-0.47	167
24	South Carolina 7	SEC	26-11	+20.80	108.9	91	88.1	3	68.6	145	-.005	197	+10.63	24	110.2	31	99.5	17	+1.93	96
25	Butler 4	BE	25-9	+20.76	117.7	20	97.0	49	65.9	278	+.002	185	+10.81	22	110.8	17	100.0	25	+5.12	40
26	Florida St. 3	ACC	26-9	+20.06	115.5	31	95.5	31	71.3	41	+.039	78	+8.82	40	110.6	19	101.8	68	-3.95	272
27	Notre Dame 5	ACC	26-10	+19.74	118.1	18	98.4	61	67.0	236	+.024	120	+10.24	28	110.1	35	99.8	23	-3.85	270
28	Creighton 6	BE	25-10	+18.83	115.3	32	96.5	46	71.2	45	+.004	181	+8.97	39	110.3	27	101.3	57	-1.24	192
30	Kansas St. 11	B12	21-14	+17.44	113.0	42	95.6	33	66.2	268	-.029	256	+11.56	11	110.6	20	99.0	11	-5.31	305
31	Xavier 11	BE	24-14	+16.70	115.7	29	99.0	67	67.2	223	+.044	71	+11.73	9	111.2	9	99.5	16	+5.32	38
32	Marquette 10	BE	19-13	+16.58	120.8	8	104.2	165	70.1	75	-.058	311	+9.03	37	109.1	50	100.1	27	-2.16	219
33	Vanderbilt 9	SEC	19-16	+16.53	112.4	48	95.9	38	65.8	285	-.048	292	+11.43	13	110.1	33	98.7	7	+6.30	32
34	Rhode Island 11	A10	25-10	+16.26	111.5	57	95.2	30	66.4	262	-.033	267	+4.27	78	106.8	79	102.5	79	+1.62	113
35	Arkansas 8	SEC	26-10	+16.25	116.1	28	99.8	76	69.7	87	+.086	9	+8.37	45	108.6	59	100.2	28	-1.55	202
36	Wake Forest 11	ACC	19-14	+16.25	120.9	7	104.7	176	70.7	57	-.043	290	+10.54	25	111.1	12	100.6	39	+4.51	45
37	Minnesota 5	B10	24-10	+16.00	109.7	77	93.7	22	69.5	98	+.022	127	+8.09	49	108.9	52	100.8	45	-1.81	209
38	Northwestern 8	B10	24-12	+15.81	111.3	59	95.5	32	65.6	292	+.019	135	+8.32	46	109.0	51	100.7	43	-3.23	249
39	Dayton 7	A10	24-8	+15.57	111.9	53	96.3	43	68.4	163	-.021	235	+3.64	82	105.9	90	102.3	75	+2.53	77
40	Michigan St. 9	B10	20-15	+15.51	111.4	58	95.9	37	66.9	241	-.011	214	+10.99	18	110.6	21	99.6	20	+4.01	51
41	Texas Tech	B12	18-14	+15.11	112.6	44	97.5	56	63.8	327	-.082	333	+7.89	53	109.5	44	101.6	61	-11.69	351
42	Miami FL 8	ACC	21-12	+15.03	109.9	76	94.9	25	63.0	339	+.031	98	+9.39	32	110.7	18	101.3	58	-4.48	286
43	Middle Tennessee 12	CUSA	31-5	+14.95	112.2	51	97.2	53	64.6	311	+.011	162	-0.93	154	104.4	158	105.3	165	+3.86	54
46	Maryland 6	B10	24-9	+14.34	113.1	41	98.7	64	67.2	219	+.061	39	+7.74	54	108.3	62	100.6	40	-1.10	188
48	VCU 10	A10	26-9	+14.07	110.1	72	96.0	41	68.8	134	+.026	113	+3.65	81	105.8	93	102.2	73	+0.91	128
50	Virginia Tech 9	ACC	22-11	+13.80	117.3	21	103.5	156	68.4	167	+.053	51	+8.23	47	110.0	36	101.7	65	-7.98	342
51	Seton Hall 9	BE	21-12	+13.63	109.4	84	95.8	34	67.5	214	+.058	43	+9.65	31	110.2	29	100.6	37	-2.11	218
53	USC 11	P12	26-10	+13.45	114.2	38	100.7	91	68.7	138	+.079	16	+5.49	71	108.8	54	103.3	106	-3.37	255
54	Nevada 12	MWC	28-7	+13.31	114.6	36	101.3	101	69.7	90	+.055	45	+1.29	105	104.5	155	103.2	104	-1.12	189
58	Princeton 12	Ivy	23-7	+12.61	109.0	89	96.4	45	63.2	337	+.007	172	-1.08	157	103.9	187	105.0	144	+2.17	86
59	UNC Wilmington 12	CAA	29-6	+12.46	118.0	19	105.5	193	70.3	67	+.039	76	+0.40	128	105.1	123	104.7	139	+2.17	87
60	Providence 11	BE	20-13	+12.43	108.5	101	96.0	40	66.2	270	+.014	152	+7.90	52	109.1	49	101.2	54	-4.48	287
63	Vermont 13	AE	29-6	+11.67	111.1	62	99.4	73	64.5	315	+.053	53	-4.42	263	103.0	234	107.4	282	+1.65	112
67	East Tennessee St. 13	SC	27-8	+11.10	108.0	106	96.9	48	70.1	74	+.005	179	-1.17	163	105.4	106	106.6	240	+0.38	14
76	Bucknell 13	Pat	26-9	+9.38	109.7	78	100.3	83	70.0	83	+.006	174	-3.62	241	101.4	298	105.0	145	+0.89	129
84	New Mexico St. 14	WAC	28-6	+7.89	110.5	70	102.6	124	67.9	195	+.063	35	-4.52	267	101.0	307	105.6	174	-4.82	295
108	Florida Gulf Coast 14	ASun	26-8	+5.07	109.4	83	104.4	168	65.9	280	+.037	83	-4.80	275	103.7	194	108.5	328	+2.14	90
113	Winthrop 13	BSth	26-7	+4.53	106.1	144	101.6	103	71.1	47	+.029	104	-7.13	320	100.7	316	107.8	305	+1.93	97
114	Chattanooga	SC	19-12	+4.32	106.6	134	102.3	117	65.5	295	-.010	211	-1.12	160	105.5	103	106.6	239	+2.21	85
115	Lehigh	Pat	20-12	+4.23	107.5	117	103.3	144	69.6	93	-.034	268	-2.53	204	101.9	283	104.4	129	+3.52	62
116	Towson	CAA	20-13	+4.22	105.5	151	101.2	100	67.9	196	-.009	207	-0.59	146	105.1	122	105.7	184	-1.51	201
117	Iona 14	MAAC	22-13	+4.20	110.8	67	106.6	211	70.6	60	+.013	158	-1.94	191	103.7	193	105.7	179	-0.05	157
37	Troy 15	SB	22-15	+2.04	109.7	79	107.6	232	68.1	182	-.023	246	-2.86	219	102.4	263	105.3	161	-6.78	334
138	Northern Kentucky 15	Horz	24-11	+1.91	106.8	130	104.9	178	68.0	189	+.073	22	-3.35	234	102.9	242	106.3	224	-2.55	228
141	Kent St. 14	MAC	22-14	+1.68	104.9	159	103.3	142	68.3	176	+.024	122	-1.92	188	104.4	160	106.3	225	-5.91	31
157	Jacksonville St. 15	OVC	20-15	+0.63	105.8	147	105.2	186	63.6	329	+.028	107	-1.68	183	104.2	167	105.9	197	+0.61	134
161	North Carolina Central 16	MEAC	25-9	+0.36	102.2	214	101.9	109	66.7	254	-.055	304	-12.44	348	97.7	348	110.1	347	-0.66	172
162	Western Michigan	MAC	16-16	+0.36	107.1	124	106.8	213	67.9	199	-.016	228	-0.54	144	105.4	104	106.0	205	+1.99	95
163	Washington	P12	9-22	+0.34	107.7	111	107.4	224	71.1	51	-.103	346	+6.87	63	109.5	43	102.6	81	-2.27	220
164	Wright St.	Horz	20-12	+0.34	106.5	136	106.2	205	69.0	116	+.056	44	-2.21	196	103.0	232	105.3	158	+0.85	130
165	Lipscomb	ASun	20-13	+0.30	107.3	121	107.0	217	74.2	6	-.017	231	-4.59	270	103.2	226	107.8	299	+1.17	120
166	Samford	SC	20-16	+0.26	107.8	110	107.5	227	68.6	150	-.036	273	-2.56	205	103.9	190	106.4	233	-3.56	260
167	North Dakota St.	Sum	19-11	+0.19	104.6	166	104.4	169	66.7	253	+.081	14	-1.93	189	105.5	102	107.5	283	+0.50	139
168	North Dakota 15	BSky	22-10	+0.04	103.6	188	103.5	157	71.5	35	+.048	61	-5.66	296	103.0	237	108.6	330	+3.24	66
169	Northern Iowa	MVC	14-16	+0.01	97.6	295	97.6	57	63.5	332	+.054	50	+4.51	77	107.2	74	102.7	88	+7.99	16
170	Siena	MAAC	17-17	-0.16	106.2	143	106.3	206	68.7	143	-.009	209	-1.16	162	104.6	150	105.7	188	+5.47	37
171	Penn	Ivy	13-15	-0.20	102.6	206	102.8	133	66.7	255	-.054	301	-1.68	184	103.5	211	105.2	154	+0.20	146
172	LSU	SEC	10-21	-0.25	109.7	80	109.9	280	71.9	27	+.008	169	+9.25	34	108.7	55	99.5	14	+2.91	69
173	Boston College	ACC	9-23	-0.27	103.9	186	104.2	163	71.1	46	-.032	266	+8.18	48	110.4	25	102.2	74	-6.42	327
174	Texas St.	SB	22-14	-0.36	101.3	234	101.7	105	62.3	345	+.016	144	-4.36	260	102.3	268	106.6	243	-7.98	341
175	Loyola Marymount	WCC	15-15	-0.40	103.0	197	103.4	153	67.2	218	+.025	117	-0.07	136	104.8	140	104.9	143	-5.03	299
176	Nebraska Omaha	Sum	18-14	-0.40	108.6	98	109.0	255	73.8	9	+.086	8	-0.59	147	106.2	85	106.8	255	+4.11	49
177	Texas A&M Corpus Chris	Slnd	24-12	-0.49	102.8	203	103.3	145	68.8	132	+.062	38	-6.00	305	101.8	284	107.8	303	+2.40	79
178	New Orleans 16	Slnd	20-12	-0.52	101.3	235	101.8	107	66.2	272	+.046	67	-5.29	287	102.3	267	107.6	291	+8.32	13
179	Weber St.	BSky	20-14	-0.54	108.5	100	109.0	256	67.0	238	-.030	257	-4.67	273	103.2	221	107.9	308	+1.43	115
180	Ball St.	MAC	21-13	-0.62	104.7	164	105.3	188	71.1	50	+.041	73	-3.92	247	103.2	222	107.1	273	-10.95	350
181	Gardner Webb	BSth	19-14	-0.76	102.7	205	103.5	154	70.8	54	-.041	285	-5.65	294	101.5	294	107.1	271	+4.28	47
182	New Hampshire	AE	20-12	-0.80	102.3	211	103.2	140	65.4	296	+.063	36	-4.58	269	102.6	258	107.1	272	-0.50	169
183	DePaul	BE	9-23	-1.05	103.5	190	104.5	172	67.7	207	-.069	322	+6.99	60	108.8	53	101.8	69	-7.12	336
184	Saint Joseph's	A10	11-20	-1.05	102.2	215	103.3	143	68.4	162	-.032	261	+3.35	86	106.0	87	102.7	85	+3.33	63
185	South Dakota St. 16	Sum	18-17	-1.19	110.2	71	111.4	303	67.2	222	+.029	101	-0.59	145	104.9	137	105.5	171	+1.66	111
209	Mount St. Mary's 16	NEC	20-16	-3.86	99.5	269	103.4	151	66.8	245	+.074	20	-4.49	266	102.0	277	106.5	236	+11.52	6
210	Tennessee Martin	OVC	22-13	-3.92	106.7	132	110.6	291	67.5	215	+.118	3	-4.47	265	102.9	244	107.3	279	-2.34	221
211	Liberty	BSth	21-14	-3.93	99.9	260	103.8	160	62.7	342	+.037	84	-6.25	309	102.1	271	108.4	322	+2.89	70
212	Texas Southern 16	SWAC	23-12	-4.04	103.5	189	107.5	228	68.6	146	+.125	2	-8.49	330	100.2	327	108.7	331	+12.68	3
213	Stony Brook	AE	18-14	-4.10	101.8	223	105.9	195	65.9	281	+.050	57	-5.85	300	101.9	281	107.8	301	-3.28	251
214	San Jose St.	MWC	14-16	-4.10	100.4	252	104.5	171	70.8	55	+.077	18	+1.21	107	105.4	112	104.2	125	-4.42	282
215	Holy Cross	Pat	15-17	-4.23	98.7	278	102.9	136	60.4	349	+.022	128	-3.00	224	102.1	273	105.1	149	+0.22	145
216	Idaho	BSky	19-14	-4.23	101.8	224	106.0	199	66.5	260	+.031	97	-5.98	303	102.5	260	108.5	327	-1.34	197
217	Bradley	MVC	13-20	-4.29	98.4	283	102.7	130	67.7	205	+.018	137	+2.40	94	105.9	92	103.5	108	+0.41	142
218	UC Davis 16	BW	23-13	-4.41	97.8	293	102.2	115	68.9	125	+.131	1	-5.31	288	100.8	313	106.1	215	-0.94	181
