1	Florida 3	SEC	33-6	+28.28	117.9	3	89.7	7	66.9	102	-.011	194	+8.35	24	107.7	24	99.3	47	-8.46	320
2	Duke 1	ACC	32-4	+27.54	119.4	1	91.8	16	69.8	29	+.047	56	+10.51	5	108.1	16	97.6	4	+6.81	37
3	Texas 2	B12	30-7	+25.79	117.5	6	91.7	15	63.9	233	+.039	73	+7.79	35	106.1	55	98.3	14	-0.02	158
4	Connecticut 1	BE	30-4	+25.44	117.8	5	92.3	18	68.7	49	+.077	26	+8.98	18	107.4	29	98.4	16	-3.80	252
5	Villanova 1	BE	28-5	+24.59	116.3	11	91.7	14	65.6	143	+.080	20	+10.79	2	108.4	5	97.6	5	+3.17	72
6	Memphis 1	CUSA	33-4	+23.54	113.2	22	89.6	6	70.8	17	-.007	185	+3.89	91	103.9	128	100.0	68	+7.82	26
7	UCLA 2	P10	32-7	+23.40	112.7	31	89.3	4	61.6	298	+.020	115	+8.30	27	107.4	31	99.1	37	+1.60	116
8	Kansas 4	B12	25-8	+23.22	110.4	50	87.2	2	67.7	75	-.043	271	+6.03	64	106.0	63	99.9	65	-1.11	182
9	Illinois 4	B10	26-7	+23.20	114.5	18	91.3	12	62.1	283	-.019	212	+6.77	50	106.4	49	99.6	55	-4.52	268
10	North Carolina 3	ACC	23-8	+22.16	115.9	13	93.7	28	70.2	23	-.010	191	+9.10	16	107.6	26	98.6	23	-0.83	176
11	LSU 4	SEC	27-9	+22.00	109.8	62	87.8	3	67.5	90	+.008	146	+10.68	3	108.3	10	97.6	6	+1.75	109
12	Pittsburgh 5	BE	25-8	+21.72	112.4	33	90.6	9	64.6	203	-.031	244	+7.81	34	108.0	21	100.1	72	-6.92	304
13	Georgetown 7	BE	23-10	+21.29	116.5	9	95.2	46	57.8	329	-.026	226	+9.58	11	108.1	14	98.5	22	-1.83	208
14	Ohio St. 2	B10	26-6	+20.68	113.0	25	92.3	19	65.2	169	+.028	97	+6.74	53	107.0	37	100.3	76	-3.33	241
15	Washington 5	P10	26-7	+20.09	114.8	16	94.7	38	71.6	10	+.007	151	+5.21	78	105.5	71	100.3	75	-7.56	313
16	West Virginia 6	BE	22-11	+19.49	116.1	12	96.6	62	62.5	276	-.046	278	+10.37	7	108.4	7	98.0	9	-0.49	164
17	Tennessee 2	SEC	22-8	+19.44	116.6	8	97.2	72	71.1	13	+.012	140	+9.44	13	108.0	20	98.5	20	-0.74	171
18	Boston College 4	ACC	28-8	+18.65	117.8	4	99.2	99	61.5	301	+.024	106	+7.43	41	107.1	34	99.7	60	-5.69	287
19	South Carolina	SEC	23-15	+18.54	114.9	14	96.4	55	59.2	324	-.057	288	+10.30	8	108.4	6	98.1	11	+0.22	149
20	Arkansas 8	SEC	22-10	+18.47	112.2	34	93.8	29	66.0	133	-.062	293	+6.35	58	106.0	62	99.6	57	-4.78	274
21	Iowa 3	B10	25-9	+18.22	103.8	154	85.6	1	64.7	194	+.046	59	+7.86	33	107.7	23	99.9	64	-0.77	173
22	George Mason 11	CAA	27-8	+18.16	109.7	66	91.5	13	62.6	269	+.017	121	+4.11	88	105.3	77	101.2	101	+2.16	92
23	Arizona 8	P10	20-13	+17.23	112.2	35	95.0	40	67.7	78	-.037	256	+10.53	4	108.0	18	97.5	2	+9.27	16
24	Kentucky 8	SEC	22-13	+17.13	114.4	19	97.3	75	64.1	228	-.001	173	+10.02	9	108.2	12	98.2	12	+3.02	74
25	Bradley 13	MVC	22-11	+16.50	107.5	86	91.0	11	69.3	37	-.019	213	+6.94	46	105.4	74	98.5	19	-2.22	217
26	Wichita St. 7	MVC	26-9	+16.06	111.8	38	95.7	49	62.6	267	+.032	89	+6.03	65	104.7	96	98.7	26	+0.35	146
27	Michigan St. 6	B10	22-12	+16.02	116.3	10	100.3	119	64.2	223	+.004	161	+8.89	19	106.4	48	97.5	3	-1.03	179
28	Michigan	B10	22-11	+15.98	113.1	23	97.2	71	67.0	101	+.012	139	+7.94	32	106.7	44	98.8	28	-0.97	177
29	Notre Dame	BE	16-14	+15.97	117.3	7	101.4	136	64.2	222	-.145	333	+7.75	36	108.3	9	100.5	84	-4.54	269
30	N.C. State 10	ACC	22-10	+15.92	112.5	32	96.6	60	64.4	216	+.013	135	+6.74	52	107.1	36	100.3	78	-7.99	316
31	Texas A&M 12	B12	22-9	+15.90	106.7	103	90.8	10	63.0	260	-.008	188	+4.22	86	104.8	94	100.6	85	-12.20	331
32	Northern Iowa 10	MVC	23-10	+15.84	109.0	75	93.1	21	59.6	321	-.025	222	+6.18	59	104.4	103	98.2	13	+0.24	148
33	Gonzaga 3	WCC	29-4	+15.64	119.1	2	103.5	174	66.3	121	+.036	79	+4.38	84	104.4	104	100.0	69	+7.98	25
34	Indiana 6	B10	19-12	+15.53	110.0	58	94.4	33	66.5	118	-.012	197	+9.77	10	108.8	1	99.0	32	+2.17	91
35	Missouri St.	MVC	22-9	+15.52	111.0	46	95.5	47	68.6	51	+.039	72	+6.14	61	104.8	93	98.7	25	+1.80	106
36	Marquette 7	BE	20-11	+15.36	112.8	27	97.4	78	68.1	67	-.012	196	+8.82	20	108.6	3	99.8	61	-1.71	202
37	Nevada 5	WAC	27-6	+15.22	110.0	57	94.8	39	65.8	137	+.024	107	+1.90	119	103.6	143	101.7	122	+3.89	60
38	Florida St.	ACC	20-10	+15.01	110.1	54	95.1	44	68.3	62	-.033	250	+5.43	74	106.0	60	100.6	86	-11.70	330
39	Wisconsin 9	B10	19-12	+14.94	111.5	40	96.6	61	65.2	171	-.024	219	+7.96	31	106.6	46	98.6	24	+0.91	130
40	Air Force 13	MWC	24-7	+14.87	113.2	21	98.3	89	54.7	332	-.001	172	+0.57	147	102.8	176	102.2	137	-6.63	300
41	Saint Joseph's	A10	19-14	+14.84	109.8	64	95.0	42	61.9	290	-.064	295	+7.64	39	106.7	43	99.1	36	+12.40	6
42	UNC Wilmington 9	CAA	25-8	+14.77	107.2	93	92.4	20	62.6	270	-.006	183	+1.59	126	103.6	145	102.0	131	+0.11	153
43	George Washington 8	A10	27-3	+14.67	110.3	52	95.6	48	71.2	12	+.106	7	-1.23	184	101.1	237	102.4	139	-15.01	333
44	Cincinnati	BE	21-13	+14.27	110.9	47	96.6	63	68.5	57	-.001	171	+8.99	17	107.0	38	98.0	10	+2.61	83
45	Oklahoma 6	B12	20-9	+13.99	113.0	26	99.0	95	62.4	278	+.049	52	+6.16	60	105.5	69	99.3	46	-0.61	166
46	Louisville	BE	21-13	+13.98	108.2	78	94.2	32	64.8	191	-.041	266	+6.11	62	106.8	42	100.7	91	-8.19	317
47	California 7	P10	20-11	+13.68	110.5	49	96.8	68	61.9	293	+.021	110	+7.59	40	106.8	41	99.3	44	-0.77	172
48	Southern Illinois 11	MVC	22-11	+13.60	102.9	166	89.3	5	60.7	311	+.032	88	+5.81	69	103.6	144	97.8	7	+0.44	143
49	Vanderbilt	SEC	17-13	+13.58	114.7	17	101.2	131	61.9	291	-.030	239	+8.56	23	108.1	15	99.5	53	-2.76	226
50	Syracuse 5	BE	23-12	+13.15	110.0	60	96.8	67	68.3	63	+.077	24	+8.71	22	107.5	28	98.8	29	-3.79	251
51	Creighton	MVC	20-10	+13.11	107.2	91	94.1	30	62.7	264	+.000	168	+5.24	77	103.7	139	98.5	18	-1.08	181
52	San Diego St. 11	MWC	24-9	+12.78	112.8	29	100.0	114	66.1	130	-.001	170	+2.27	109	103.7	136	101.5	112	-2.20	216
53	Oklahoma St.	B12	17-16	+12.76	107.9	80	95.2	45	64.7	193	-.096	319	+6.50	55	106.6	45	100.1	70	-1.32	192
54	Xavier 14	A10	21-11	+12.73	110.9	48	98.2	86	65.3	163	-.065	298	+1.91	117	103.6	148	101.6	117	-3.38	244
55	Miami FL	ACC	18-16	+12.71	111.2	43	98.5	91	61.0	305	-.039	260	+9.46	12	108.0	17	98.5	21	-3.68	249
56	UAB 9	CUSA	24-7	+12.65	109.1	71	96.5	59	68.5	53	+.058	45	+1.51	129	101.8	215	100.3	77	+0.98	127
57	Maryland	ACC	19-13	+12.63	107.6	85	95.0	41	72.4	5	-.022	217	+8.02	30	107.8	22	99.8	62	-2.26	219
58	Bucknell 9	Pat	27-5	+12.56	105.7	119	93.1	22	61.8	294	+.092	13	-3.17	214	100.2	265	103.4	167	+7.18	32
59	Clemson	ACC	19-13	+12.51	105.9	116	93.4	25	68.6	52	-.049	281	+6.35	57	106.2	52	99.8	63	-4.81	275
60	Alabama 10	SEC	18-13	+12.48	112.8	28	100.3	118	63.4	249	+.005	153	+9.21	14	107.7	25	98.4	17	+1.60	115
61	Butler	Horz	20-13	+12.00	114.9	15	102.9	166	58.3	326	-.072	308	+1.16	133	103.0	166	101.9	128	+3.14	73
62	Milwaukee 11	Horz	22-9	+11.86	108.3	76	96.5	58	67.7	77	+.017	124	+1.54	128	104.9	90	103.4	164	+4.95	51
63	Hofstra	CAA	26-7	+11.72	111.3	41	99.6	108	66.2	124	+.097	12	+2.10	115	102.7	179	100.6	89	-3.98	256
64	Temple	A10	17-15	+11.38	109.1	73	97.7	81	59.9	320	-.051	284	+6.84	48	106.2	53	99.3	49	+9.95	13
65	Iona 13	MAAC	23-8	+11.33	109.7	65	98.4	90	69.6	34	+.024	105	+0.66	145	106.0	61	105.3	247	+3.83	61
66	Oregon	P10	15-18	+11.31	111.9	37	100.6	124	63.6	244	-.144	332	+7.33	44	106.1	57	98.7	27	-1.30	190
67	Old Dominion	CAA	24-10	+11.15	106.9	99	95.7	50	65.0	177	+.056	49	+2.16	113	104.2	114	102.1	133	-0.03	159
68	Pacific 13	BW	24-8	+10.87	109.8	63	99.0	94	62.8	262	+.010	142	-1.99	199	102.7	180	104.7	211	+0.54	139
69	Utah St. 12	WAC	23-9	+10.86	113.4	20	102.6	155	60.9	309	+.026	101	+1.59	127	102.8	177	101.2	99	-2.41	222
70	Kent St. 12	MAC	25-9	+10.54	108.3	77	97.8	82	65.7	142	+.017	123	+0.67	144	103.2	165	102.5	142	-1.52	198
71	Rutgers	BE	19-14	+10.41	109.5	68	99.1	97	64.0	230	-.002	174	+6.82	49	106.0	59	99.2	41	-3.96	255
72	Colorado	B12	20-10	+10.27	109.2	70	99.0	93	69.9	27	+.049	53	+4.24	85	104.4	101	100.2	73	-5.98	293
73	Winthrop 15	BSth	23-8	+10.27	104.4	141	94.2	31	64.0	232	-.027	231	-5.29	258	102.1	203	107.4	317	+8.15	23
74	Virginia Tech	ACC	14-16	+10.25	108.2	79	97.9	83	63.3	251	-.149	334	+5.61	72	105.3	78	99.7	59	-9.60	323
75	Houston	CUSA	21-10	+10.21	103.5	160	93.3	23	67.5	87	-.014	201	+1.61	125	102.6	181	101.0	94	+2.22	90
76	Iowa St.	B12	16-14	+10.03	111.2	44	101.2	132	69.8	30	-.052	285	+6.75	51	105.6	66	98.8	30	+1.77	108
77	Kansas St.	B12	15-13	+9.59	105.9	117	96.3	54	63.1	258	-.097	320	+3.77	94	105.2	81	101.4	108	-6.05	294
78	Stanford	P10	16-14	+9.56	105.9	115	96.4	56	64.3	218	+.006	152	+7.73	38	107.1	35	99.4	50	-1.23	184
79	Providence	BE	12-15	+9.47	112.2	36	102.7	162	68.7	50	-.058	290	+9.18	15	108.4	4	99.2	43	+1.71	111
80	Wake Forest	ACC	17-17	+9.46	110.4	51	100.9	126	66.9	106	-.033	249	+8.32	26	107.4	30	99.1	38	-4.51	267
81	Virginia	ACC	15-15	+9.41	106.1	113	96.7	65	63.8	237	-.015	202	+8.79	21	108.2	13	99.4	51	-4.05	257
82	Minnesota	B10	16-15	+9.34	104.4	142	95.1	43	64.2	224	-.016	206	+7.00	45	106.1	56	99.1	35	-5.16	279
83	Akron	MAC	23-10	+9.28	111.1	45	101.8	146	64.1	227	+.037	78	+0.82	140	102.5	187	101.7	121	+1.96	100
84	South Alabama 14	SB	24-7	+9.28	109.1	72	99.9	113	65.7	140	+.056	47	-2.51	207	100.8	243	103.3	162	-3.47	246
85	UTEP	CUSA	21-10	+9.13	103.7	156	94.6	35	62.1	284	-.024	221	-0.23	165	101.4	226	101.6	116	-0.41	162
86	Seton Hall 10	BE	18-12	+9.06	106.5	107	97.4	77	65.7	138	+.086	17	+6.93	47	106.0	58	99.1	40	-1.81	206
87	Montana 12	BSky	24-7	+8.95	111.6	39	102.7	161	66.2	127	+.056	50	-0.62	173	103.6	146	104.2	193	-0.71	170
88	UNLV	MWC	17-13	+8.57	105.3	127	96.8	66	66.5	116	-.031	243	+3.83	93	104.9	89	101.1	97	+2.31	89
89	Murray St. 14	OVC	24-7	+8.56	104.5	140	96.0	51	63.2	256	+.010	143	-5.31	259	102.3	196	107.6	320	+4.32	55
90	DePaul	BE	12-15	+8.42	110.2	53	101.8	145	61.4	302	+.004	157	+10.47	6	108.3	11	97.8	8	+7.26	30
91	BYU	MWC	20-9	+7.87	110.1	55	102.2	150	70.7	18	+.074	30	+2.21	111	103.5	152	101.3	104	-2.84	228
92	Western Kentucky	SB	23-8	+7.78	111.3	42	103.5	175	68.5	54	+.080	21	-0.72	176	102.2	199	103.0	156	+1.81	104
93	Northwestern St. 14	Slnd	26-8	+7.51	106.6	105	99.1	98	67.6	79	+.016	128	-1.45	190	102.2	201	103.6	173	+10.25	9
94	Charlotte	A10	19-13	+7.45	107.5	87	100.0	116	65.5	154	-.004	179	+2.69	101	103.9	127	101.2	100	+0.09	154
95	La Salle	A10	18-10	+7.44	107.3	90	99.8	112	64.3	217	+.036	80	+0.34	151	102.8	170	102.5	144	-3.57	248
96	Louisiana Tech	WAC	20-13	+7.43	101.1	200	93.6	26	64.8	187	+.029	94	+3.38	95	104.0	126	100.6	88	+2.94	78
97	Penn 15	Ivy	20-9	+7.30	101.8	188	94.5	34	64.3	220	-.030	238	-5.06	254	100.0	272	105.0	227	+1.85	102
98	Hawaii	WAC	17-11	+7.10	106.9	98	99.8	111	62.4	277	-.024	220	+1.78	121	102.8	172	101.0	95	+0.46	142
99	Washington St.	P10	11-17	+7.10	97.4	255	90.3	8	60.1	316	-.110	327	+7.35	42	107.3	32	100.0	67	-1.88	211
100	Drexel	CAA	15-16	+6.95	100.3	213	93.4	24	62.5	273	-.112	328	+1.99	116	103.3	155	101.4	106	+2.99	75
101	Miami OH	MAC	18-11	+6.89	104.3	144	97.5	79	60.0	318	+.019	119	+2.21	110	104.2	118	102.0	129	+6.80	38
102	USC	P10	17-13	+6.74	105.0	132	98.3	88	66.6	114	+.020	114	+5.63	70	105.1	85	99.4	52	-6.85	302
103	Georgia Tech	ACC	11-17	+6.66	104.8	136	98.1	85	68.4	61	-.097	321	+7.75	37	108.0	19	100.2	74	-6.34	296
104	VCU	CAA	19-10	+6.63	107.2	92	100.5	122	62.1	286	+.005	154	-1.21	183	101.8	217	103.0	157	-4.72	272
105	Massachusetts	A10	13-15	+6.48	101.1	199	94.6	36	65.5	155	-.069	305	+4.44	83	105.4	76	100.9	92	+4.85	52
106	Saint Mary's	WCC	17-12	+6.46	105.8	118	99.3	101	64.2	221	-.032	247	+1.65	124	103.8	133	102.2	134	+2.54	85
107	Georgia	SEC	15-15	+6.33	103.4	163	97.0	69	68.5	56	+.025	104	+8.34	25	108.3	8	100.0	66	-3.35	242
108	Marist	MAAC	19-10	+6.08	113.1	24	107.0	239	64.9	183	-.015	203	-1.06	182	104.1	122	105.2	240	-1.86	210
109	Ohio	MAC	19-11	+6.01	106.4	108	100.4	120	64.3	219	+.020	113	+0.19	156	103.6	147	103.4	165	+0.81	136
110	Northeastern	CAA	19-11	+5.90	107.0	97	101.1	129	69.1	44	+.039	74	+0.53	148	103.0	168	102.4	140	-0.25	161
111	Nebraska	B12	19-14	+5.84	102.9	167	97.1	70	64.6	209	+.057	46	+3.98	90	104.5	100	100.5	82	-9.69	324
112	Oral Roberts 16	MCon	21-12	+5.70	107.1	95	101.4	134	66.9	105	-.035	252	-3.45	219	102.8	174	106.2	289	+6.88	36
113	Auburn	SEC	12-16	+5.58	104.2	146	98.6	92	65.2	168	-.018	211	+8.07	29	107.3	33	99.2	42	-1.86	209
114	Mississippi St.	SEC	15-15	+5.53	102.9	168	97.3	76	66.7	113	+.027	98	+5.84	67	106.4	47	100.6	87	-4.37	265
115	New Mexico	MWC	17-13	+5.30	105.4	123	100.1	117	60.2	314	-.003	175	+1.91	118	103.9	129	102.0	130	-2.75	225
116	Penn St.	B10	15-15	+5.27	109.5	69	104.2	192	63.8	240	+.015	130	+5.25	76	104.8	92	99.6	56	-11.27	329
122	Davidson 15	SC	20-11	+4.86	109.9	61	105.0	199	66.0	132	-.025	223	-3.30	217	101.4	227	104.7	213	+9.24	17
34	Manhattan	MAAC	20-11	+3.00	107.8	81	104.8	197	67.5	86	+.104	9	+0.87	139	105.2	80	104.4	201	+1.99	98
138	Albany	AE	21-11	+2.63	106.2	112	103.6	180	63.8	236	+.027	99	-5.65	265	99.6	277	105.3	245	+0.12	151
157	Northern Arizona	BSky	21-11	-0.04	103.9	153	104.0	185	69.2	40	+.079	22	-2.60	208	103.4	154	106.0	273	-3.09	234
161	Georgia Southern	SC	20-10	-0.43	101.2	196	101.6	141	72.2	6	+.077	25	-5.88	271	100.5	254	106.4	294	-3.48	247
162	Portland St.	BSky	12-16	-0.59	102.1	185	102.6	159	65.6	149	-.094	317	+0.03	159	105.5	70	105.4	254	+2.41	87
163	North Dakota St.	ind	16-12	-0.65	103.8	155	104.4	194	65.0	181	-.066	301	-4.34	240	102.0	207	106.4	293	-1.65	201
164	Monmouth 16	NEC	19-15	-0.68	95.8	278	96.4	57	64.6	202	+.018	120	-3.55	221	101.2	235	104.7	215	+4.12	58
165	Belmont 15	ASun	20-11	-0.73	107.1	94	107.8	257	69.1	42	+.024	108	-8.62	311	99.7	275	108.4	326	+5.97	42
173	Fairleigh Dickinson	NEC	20-12	-1.05	101.5	193	102.5	154	69.1	46	+.037	77	-5.56	264	99.8	273	105.3	249	+4.12	59
174	UC Santa Barbara	BW	15-14	-1.05	102.2	182	103.3	170	62.0	289	-.016	209	-2.41	203	102.4	191	104.8	218	+0.87	133
175	Valparaiso	MCon	17-12	-1.17	105.1	129	106.2	227	69.2	41	+.003	162	-5.77	269	101.7	219	107.4	318	+0.04	155
176	Detroit	Horz	16-16	-1.29	104.2	145	105.5	208	60.0	317	+.048	55	+1.06	134	104.2	116	103.1	160	+4.96	50
177	Lipscomb	ASun	21-11	-1.63	100.2	217	101.8	147	64.6	201	+.011	141	-10.55	324	99.6	278	110.1	333	-4.20	263
197	Southern 16	SWAC	19-13	-3.40	96.2	274	99.6	106	64.8	185	+.081	19	-7.68	301	96.6	323	104.3	196	+13.07	5
201	Delaware St.	MEAC	21-14	-3.57	102.1	184	105.7	213	54.5	333	+.106	6	-5.11	255	98.6	298	103.7	176	+14.07	4
271	Hampton 16	MEAC	16-16	-10.40	91.9	314	102.3	151	68.5	55	-.057	289	-14.27	334	93.3	334	107.6	322	-8.98	321
