1	Kentucky 1	SEC	38-2	+32.59	122.2	2	89.6	7	65.4	150	+.032	86	+7.99	26	106.8	35	98.8	12	-1.06	189
2	Ohio St. 2	B10	31-8	+30.07	118.1	6	88.1	4	66.9	88	-.050	287	+10.10	4	108.9	3	98.8	13	-3.34	253
3	Michigan St. 1	B10	29-8	+27.87	114.7	17	86.9	2	64.3	209	-.027	244	+10.21	3	108.6	6	98.4	7	-1.07	190
4	Kansas 2	B12	32-7	+26.91	114.0	23	87.1	3	66.3	111	+.027	101	+11.15	1	108.8	4	97.6	1	+5.21	38
5	Syracuse 1	BE	34-3	+26.04	117.7	7	91.7	16	64.4	202	+.060	37	+7.98	27	107.0	29	99.0	19	-2.11	216
6	North Carolina 1	ACC	32-6	+25.44	116.1	12	90.7	11	70.9	10	+.016	134	+7.41	30	107.2	27	99.8	40	+1.89	100
7	Missouri 2	B12	30-5	+25.28	125.1	1	99.8	111	65.4	152	+.017	130	+5.80	51	105.7	60	99.9	44	-6.18	315
8	Wisconsin 4	B10	26-10	+24.09	113.7	25	89.6	8	57.5	345	-.018	216	+8.80	9	107.6	15	98.8	11	-3.88	262
9	Indiana 4	B10	27-9	+22.55	120.2	4	97.6	72	66.7	92	+.007	155	+8.41	15	107.4	19	99.0	16	-4.96	295
10	Florida 7	SEC	26-11	+22.47	120.4	3	98.0	80	64.2	210	-.043	270	+7.18	34	105.4	65	98.2	3	-1.67	204
11	Wichita St. 5	MVC	27-6	+22.36	116.1	11	93.8	26	65.7	134	-.017	213	+3.97	78	105.1	73	101.2	92	+3.50	71
12	Memphis 8	CUSA	26-9	+21.90	114.2	22	92.3	17	67.5	60	-.064	307	+5.10	62	104.9	78	99.8	41	+6.96	22
13	Baylor 3	B12	30-8	+21.29	116.0	13	94.7	34	65.6	138	+.059	40	+9.61	7	108.1	10	98.5	8	-2.70	236
14	Saint Louis 9	A10	26-8	+21.20	111.9	34	90.7	12	61.9	303	-.056	301	+4.36	71	105.0	76	100.6	69	-2.55	231
15	Georgetown 3	BE	24-9	+21.05	111.2	45	90.1	9	62.1	294	-.014	202	+8.32	18	107.3	22	99.0	18	-1.04	188
16	Vanderbilt 5	SEC	25-11	+20.90	115.6	14	94.7	35	64.7	188	-.048	280	+8.48	13	107.7	14	99.2	24	+3.03	79
17	Louisville 4	BE	30-10	+20.67	106.2	112	85.5	1	66.1	115	+.031	91	+10.06	5	108.6	5	98.6	9	+0.11	149
18	Marquette 3	BE	27-8	+20.22	111.5	40	91.3	14	70.0	15	+.042	67	+8.24	20	106.6	39	98.3	6	-0.95	187
19	Duke 2	ACC	27-7	+19.70	117.7	8	98.0	79	66.4	108	+.057	45	+8.18	22	107.3	25	99.1	23	+7.68	17
20	New Mexico 5	MWC	28-7	+19.45	110.8	51	91.4	15	65.5	141	+.003	165	+2.65	106	103.9	122	101.3	100	-4.16	273
21	Gonzaga 7	WCC	26-7	+18.39	113.1	30	94.7	33	64.8	183	-.018	218	+2.08	116	104.9	81	102.8	158	+1.05	126
22	Michigan 4	B10	24-10	+17.52	114.3	19	96.8	56	60.1	330	+.058	42	+10.65	2	109.0	2	98.3	4	-0.11	161
23	Kansas St. 8	B12	22-11	+17.52	109.8	59	92.3	18	66.5	97	-.024	231	+7.98	28	107.0	28	99.1	21	-3.29	251
24	Florida St. 3	ACC	25-10	+17.14	107.6	89	90.4	10	66.6	95	+.034	80	+7.54	29	106.9	33	99.4	26	+0.82	132
25	Belmont 14	ASun	27-8	+16.96	117.1	9	100.1	121	67.2	72	-.017	214	-0.32	162	103.4	148	103.7	182	+4.69	44
26	Iowa St. 8	B12	23-11	+16.69	113.9	24	97.2	66	65.8	128	-.004	184	+7.22	32	107.0	30	99.8	39	-4.08	271
27	Alabama 9	SEC	21-12	+16.69	106.1	115	89.5	6	61.9	302	-.067	314	+7.07	35	107.4	18	100.3	57	+3.98	62
28	Creighton 8	MVC	29-6	+16.47	119.2	5	102.7	166	65.9	125	+.079	20	+3.79	84	104.9	79	101.1	87	-0.47	173
29	California 12	P12	24-10	+16.37	111.3	43	94.9	38	65.7	135	-.007	192	+3.61	89	104.5	98	100.9	79	-1.83	210
30	Purdue 10	B10	22-13	+16.25	116.2	10	99.9	114	64.3	204	-.003	179	+8.81	8	108.4	9	99.6	32	-2.64	234
31	Cincinnati 6	BE	26-11	+16.03	109.5	62	93.5	22	62.9	272	+.023	115	+6.90	39	105.7	61	98.8	10	-9.17	338
32	Texas 11	B12	20-14	+15.90	112.9	31	97.0	64	64.9	176	-.065	311	+8.45	14	107.8	11	99.4	27	-1.52	198
33	Virginia 10	ACC	22-10	+15.85	105.2	133	89.3	5	59.3	339	-.024	237	+4.05	76	105.0	75	101.0	82	-5.70	308
34	Saint Mary's 7	WCC	27-6	+15.48	114.3	20	98.8	91	63.4	258	+.036	78	+0.17	150	104.1	116	103.9	192	-2.17	217
35	Murray St. 6	OVC	31-2	+15.34	108.5	80	93.2	20	65.0	172	+.031	92	-2.34	209	102.9	162	105.2	269	+3.63	69
36	Long Beach St. 12	BW	25-9	+15.27	111.7	38	96.4	53	66.4	109	-.047	274	+1.25	127	104.0	118	102.8	156	+14.84	2
37	UNLV 6	MWC	26-9	+14.97	109.2	67	94.2	27	68.7	31	+.006	158	+3.54	91	104.5	100	100.9	80	-0.24	164
38	Connecticut 9	BE	20-14	+14.53	111.3	42	96.8	57	63.0	270	-.032	255	+8.25	19	107.3	21	99.1	22	-0.46	172
39	Temple 5	A10	24-8	+14.49	113.3	28	98.9	92	65.9	126	+.055	47	+6.10	45	106.5	40	100.4	59	+6.20	27
41	Harvard 12	Ivy	26-5	+14.34	108.8	72	94.4	29	60.7	325	+.027	99	-0.87	175	101.4	245	102.2	134	+0.65	138
42	Notre Dame 7	BE	22-12	+14.22	110.9	50	96.7	55	60.2	329	+.032	87	+6.94	37	106.4	42	99.4	28	-4.28	277
43	N.C. State 11	ACC	24-13	+14.22	112.1	32	97.9	78	67.0	83	-.004	183	+6.22	43	105.9	53	99.7	36	+1.18	119
44	West Virginia 10	BE	19-14	+13.56	111.4	41	97.9	77	64.0	226	-.019	221	+8.32	17	107.3	24	99.0	17	+2.04	96
46	VCU 12	CAA	29-7	+13.45	106.9	96	93.5	23	65.0	173	+.024	109	+0.53	143	101.9	213	101.4	105	+1.90	99
48	South Florida 12	BE	22-14	+13.13	103.9	151	90.8	13	58.5	343	+.040	72	+8.17	23	107.2	26	99.0	20	+1.27	116
50	BYU 14	WCC	26-9	+12.79	106.3	111	93.5	21	72.6	5	+.020	123	+1.31	125	105.1	72	103.8	188	+0.38	145
53	Xavier 10	A10	23-13	+12.59	108.7	74	96.1	49	66.4	104	+.031	89	+7.24	31	107.4	20	100.1	48	+4.56	47
54	Iona 14	MAAC	25-8	+12.26	115.5	15	103.2	181	70.0	17	-.011	197	-1.04	178	102.6	177	103.7	181	+4.87	42
57	Ohio 13	MAC	29-8	+11.88	106.6	102	94.7	32	66.0	121	+.022	116	+0.80	139	103.6	135	102.8	157	-2.97	242
60	St. Bonaventure 14	A10	20-12	+11.78	110.6	53	98.9	93	63.0	269	-.024	235	+3.83	83	104.9	83	101.1	84	+0.10	150
61	South Dakota St. 14	Sum	27-8	+11.62	113.7	26	102.1	152	64.8	182	+.030	93	-1.92	198	103.2	152	105.1	259	+2.04	97
65	New Mexico St. 13	WAC	26-10	+11.22	109.3	65	98.1	81	69.4	23	-.041	266	-0.88	176	103.4	144	104.3	213	-0.87	185
66	San Diego St. 6	MWC	26-8	+11.16	107.0	95	95.8	44	65.8	130	+.059	39	+3.33	94	104.8	84	101.5	109	-3.76	259
68	Southern Miss 9	CUSA	25-9	+10.83	111.2	44	100.4	125	63.8	238	+.041	68	+4.41	69	104.7	90	100.3	51	+2.32	90
71	Davidson 13	SC	25-8	+10.65	112.0	33	101.4	141	67.4	65	+.008	151	-3.00	230	101.5	239	104.5	229	+8.78	11
81	Colorado 11	P12	24-12	+8.89	104.8	137	95.9	46	65.1	170	+.081	19	+5.35	59	105.7	57	100.4	58	+0.06	15
88	Colorado St. 11	MWC	20-12	+8.17	111.9	35	103.7	189	63.6	250	+.075	21	+4.39	70	104.7	87	100.3	56	+0.85	131
104	Montana 13	BSky	25-7	+6.76	103.7	155	96.9	63	64.2	211	+.064	31	-5.30	294	102.5	183	107.8	344	-0.72	181
108	Lamar 16	Slnd	23-12	+6.33	107.6	88	101.3	138	66.0	123	-.028	246	-3.98	252	99.4	310	103.4	173	+5.21	37
114	UNC Asheville 16	BSth	24-10	+5.50	110.4	55	104.9	219	68.2	39	-.001	173	-4.12	261	101.8	221	105.9	303	+7.91	16
115	Detroit 15	Horz	22-14	+5.48	108.1	82	102.6	164	67.1	76	-.008	193	+0.35	144	102.2	202	101.8	120	+1.14	120
116	Butler	Horz	22-15	+5.31	99.7	232	94.4	28	64.1	218	+.020	121	+1.42	124	103.1	155	101.6	116	+6.43	25
117	Kent St.	MAC	21-12	+5.29	105.5	122	100.2	122	67.1	75	+.005	159	+0.01	155	102.2	200	102.2	135	-2.78	241
118	Vermont 16	AE	24-12	+5.17	105.3	131	100.1	119	61.9	300	-.024	236	-5.44	296	99.1	319	104.6	232	-1.55	201
129	Loyola MD 15	MAAC	24-9	+3.91	103.9	150	100.0	116	63.6	251	+.114	6	-2.70	223	101.8	224	104.5	227	-0.69	180
162	LIU Brooklyn 16	NEC	25-9	+0.75	108.7	75	107.9	272	73.4	2	+.117	5	-5.25	291	99.8	306	105.0	256	-2.27	225
183	Norfolk St. 15	MEAC	26-10	-1.82	100.9	211	102.7	165	66.6	93	+.189	1	-6.31	313	100.3	292	106.6	324	+1.39	112
193	Western Kentucky 16	SB	16-19	-2.67	97.8	264	100.5	127	67.9	47	+.083	18	-0.00	156	102.3	198	102.3	140	+2.63	8
237	Mississippi Valley St. 16	SWAC	21-13	-6.30	98.0	260	104.2	200	68.9	29	+.125	3	-8.67	336	96.5	337	105.2	268	+14.37	3
