1	North Carolina 1	ACC	33-4	+32.77	122.5	2	89.7	5	73.1	7	+.011	135	+11.64	2	108.7	7	97.1	1	+4.26	64
2	Illinois 1	B10	37-2	+32.68	122.3	3	89.6	4	64.1	249	-.007	179	+8.16	28	107.3	32	99.1	27	+0.31	157
3	Duke 1	ACC	27-6	+27.41	115.7	13	88.3	2	68.3	81	-.002	167	+10.89	6	109.5	2	98.6	18	+1.51	116
4	Louisville 4	CUSA	33-5	+25.78	118.8	8	93.0	20	66.3	154	+.045	67	+6.42	57	106.1	68	99.7	43	-2.03	218
5	Michigan St. 5	B10	26-7	+25.67	119.7	6	94.0	28	66.4	150	-.013	194	+7.89	33	107.0	41	99.1	25	-3.18	240
6	Oklahoma St. 2	B12	26-7	+25.02	121.2	4	96.2	50	66.2	160	-.015	204	+9.59	15	108.0	19	98.4	14	+5.03	49
7	Villanova 5	BE	24-8	+25.02	114.7	19	89.7	6	67.0	126	-.054	285	+9.16	17	107.9	21	98.7	19	-0.89	182
8	Wake Forest 2	ACC	27-6	+24.86	124.3	1	99.5	89	68.9	56	+.046	65	+10.94	4	108.4	13	97.5	4	+4.87	51
9	Kentucky 2	SEC	28-6	+24.10	113.0	29	88.9	3	66.6	142	+.032	94	+8.85	21	107.9	20	99.1	26	-2.71	235
10	Florida 4	SEC	24-8	+23.93	116.4	11	92.5	16	65.2	207	-.027	239	+7.13	40	106.6	53	99.5	34	-4.30	265
11	Kansas 3	B12	23-7	+23.08	115.6	15	92.5	18	66.5	147	+.008	145	+10.45	8	108.1	18	97.7	5	+10.37	13
12	Oklahoma 3	B12	25-8	+22.55	114.4	21	91.8	12	65.4	201	-.006	175	+7.68	34	107.5	27	99.8	48	+0.09	161
13	Arizona 3	P10	30-7	+22.22	116.7	10	94.5	30	68.6	75	+.027	104	+8.12	30	107.8	22	99.7	44	+3.33	79
14	Washington 1	P10	29-6	+22.18	120.6	5	98.4	80	71.9	14	+.060	43	+8.61	23	107.5	26	98.9	20	+6.73	29
15	Connecticut 2	BE	23-8	+21.94	112.1	38	90.2	10	70.6	28	-.031	246	+8.52	25	108.5	12	100.0	52	-1.04	191
16	Syracuse 4	BE	27-7	+20.98	115.6	14	94.7	33	65.8	180	+.002	155	+6.29	60	106.8	47	100.5	69	-4.57	275
17	Wisconsin 6	B10	25-9	+20.81	112.0	39	91.2	11	62.8	291	+.042	71	+10.24	9	108.5	10	98.3	12	+1.27	122
18	Alabama 5	SEC	24-8	+20.51	118.8	9	98.3	78	62.8	292	+.033	92	+6.84	45	106.5	57	99.6	40	-1.28	198
19	Cincinnati 7	CUSA	25-8	+20.43	112.5	33	92.0	14	68.0	89	-.006	177	+5.48	71	106.1	71	100.6	77	+0.62	145
20	Utah 6	MWC	29-6	+20.33	113.1	28	92.7	19	59.1	325	+.032	95	+3.60	101	105.9	78	102.3	133	-4.04	259
21	Utah St. 14	BW	24-8	+19.62	116.0	12	96.4	52	61.1	311	-.094	320	-2.48	201	101.3	213	103.8	200	-4.48	272
22	Georgia Tech 5	ACC	20-12	+19.23	109.2	66	90.0	8	68.6	68	-.038	259	+10.91	5	108.9	4	98.0	8	-4.87	280
23	N.C. State 10	ACC	21-14	+18.93	115.0	17	96.1	47	63.1	282	-.062	295	+10.05	11	108.3	14	98.3	13	-3.82	253
24	Pittsburgh 9	BE	20-9	+18.41	114.8	18	96.3	51	64.0	254	-.057	287	+5.63	69	106.3	61	100.7	79	-10.09	321
25	Boston College 4	BE	25-5	+18.30	114.3	23	96.0	46	64.8	226	+.078	24	+6.60	51	105.8	81	99.2	28	-4.21	262
26	Gonzaga 3	WCC	26-5	+17.88	119.3	7	101.4	135	67.1	124	+.012	131	+3.46	103	104.0	135	100.5	71	+2.18	104
27	Iowa 10	B10	21-12	+17.17	111.9	40	94.7	35	68.1	87	-.034	251	+9.51	16	107.4	31	97.9	7	+3.40	78
28	Texas 8	B12	20-11	+17.01	114.1	24	97.1	61	66.5	146	-.051	279	+6.62	50	107.0	38	100.4	65	-2.46	228
29	Southern Illinois 7	MVC	27-8	+16.75	109.1	69	92.4	15	63.4	271	+.015	122	+6.10	63	106.7	51	100.6	76	+4.17	66
30	Ohio St.	B10	20-12	+15.82	109.7	59	93.9	23	65.5	194	-.067	301	+5.63	68	105.8	83	100.1	57	-3.63	247
31	New Mexico 12	MWC	26-7	+15.54	112.8	30	97.3	63	65.4	196	-.002	165	-0.46	163	103.4	154	103.9	205	-10.69	322
32	Texas Tech 6	B12	22-11	+15.47	110.3	50	94.8	36	69.0	55	+.037	81	+8.93	20	108.8	5	99.9	51	-3.94	256
33	Vanderbilt	SEC	20-14	+15.31	111.0	49	95.7	43	65.8	179	-.053	283	+6.82	47	106.4	58	99.6	39	-0.02	164
34	Mississippi St. 9	SEC	23-11	+15.25	109.3	65	94.0	27	68.1	88	+.038	78	+6.49	55	106.9	42	100.4	67	-1.84	214
35	West Virginia 7	BE	24-11	+15.00	114.1	25	99.1	88	63.6	265	+.082	19	+9.14	18	108.6	9	99.5	35	-7.33	304
36	Milwaukee 12	Horz	26-6	+14.69	110.1	52	95.4	38	68.8	59	+.079	22	+2.31	120	104.6	119	102.3	129	+7.63	21
37	Maryland	ACC	19-13	+14.62	109.3	64	94.7	32	74.5	2	-.034	250	+8.07	31	107.4	30	99.3	33	-5.23	287
38	George Washington 12	A10	22-8	+14.41	109.9	56	95.5	40	70.8	25	-.013	197	+0.49	148	103.6	147	103.1	160	+0.84	136
39	Creighton 10	MVC	23-11	+14.33	114.3	22	100.0	104	63.1	285	-.033	248	+4.44	89	104.9	112	100.4	68	-1.69	209
40	Pacific 8	BW	27-4	+14.08	114.5	20	100.5	115	63.6	263	+.091	13	+0.66	146	103.1	160	102.4	137	+1.74	111
41	Minnesota 8	B10	21-11	+14.06	104.0	143	89.9	7	67.3	114	+.016	121	+6.18	61	106.0	75	99.8	47	-3.99	258
42	LSU 6	SEC	20-10	+13.80	113.9	26	100.1	106	66.7	131	+.070	31	+7.49	36	107.0	37	99.5	37	+0.64	144
43	Vermont 13	AE	25-7	+13.53	111.3	46	97.8	72	64.7	230	+.032	96	-1.71	186	100.7	231	102.4	135	+5.11	48
44	Air Force	MWC	18-12	+13.40	112.2	35	98.9	83	54.3	329	-.084	314	+2.63	115	104.4	125	101.8	104	-1.50	206
45	Northern Iowa 11	MVC	21-11	+13.36	112.2	37	98.9	85	64.5	233	-.035	254	+5.44	72	105.8	82	100.3	62	+1.09	132
46	Texas A&M	B12	21-10	+13.34	112.3	34	98.9	86	64.9	219	+.007	146	+4.05	94	105.0	107	100.9	86	-16.29	328
47	Wichita St.	MVC	22-10	+13.15	113.6	27	100.5	116	64.4	234	-.013	195	+4.74	83	105.6	86	100.9	83	-0.68	178
48	Iowa St. 9	B12	19-12	+13.02	103.1	159	90.1	9	66.8	130	+.003	152	+7.22	39	107.5	28	100.3	60	-3.06	238
49	Saint Joseph's	A10	24-12	+13.01	106.9	98	93.9	26	61.6	306	+.019	115	+3.55	102	104.3	127	100.8	82	+8.98	18
50	South Carolina	SEC	20-13	+12.73	110.2	51	97.5	67	64.0	255	-.017	206	+6.91	44	106.2	67	99.3	31	-1.30	199
51	UAB 11	CUSA	22-11	+12.51	109.2	67	96.7	55	71.0	24	-.001	161	+4.75	82	105.5	90	100.7	80	+1.33	120
52	Georgetown	BE	19-13	+12.45	112.2	36	99.8	97	59.2	324	-.005	174	+6.83	46	105.8	80	99.0	21	-5.50	291
53	Memphis	CUSA	22-16	+12.17	107.8	79	95.7	42	66.9	129	-.058	290	+4.51	87	105.4	92	100.9	84	+2.26	99
54	Charlotte 7	CUSA	21-8	+12.15	111.6	42	99.5	90	70.6	29	+.042	72	+3.68	100	104.9	114	101.2	92	-1.74	210
55	Nevada 9	WAC	25-7	+12.11	104.0	144	91.8	13	65.7	189	+.045	68	+1.10	141	104.5	124	103.4	182	+0.35	155
56	Arkansas	SEC	18-12	+11.98	106.2	108	94.2	29	65.4	199	-.063	297	+2.84	111	104.9	111	102.1	115	-9.99	317
57	Clemson	ACC	16-16	+11.92	105.6	117	93.7	21	69.7	44	-.052	280	+9.70	14	107.5	29	97.8	6	-3.17	239
58	UTEP 11	WAC	27-8	+11.62	112.7	32	101.1	130	65.9	172	+.015	125	-0.68	169	102.2	190	102.9	150	-5.30	290
59	Notre Dame	BE	17-12	+11.54	109.9	57	98.3	79	64.3	239	-.041	265	+6.58	52	106.8	46	100.2	58	-8.10	310
60	Southwest Missouri St.	MVC	19-13	+11.42	108.2	74	96.8	57	68.8	63	-.044	268	+5.06	79	106.4	60	101.3	95	-1.68	208
61	Providence	BE	14-17	+11.36	111.2	47	99.8	98	68.7	65	-.092	318	+9.76	13	108.8	6	99.0	22	+3.08	86
62	DePaul	CUSA	20-11	+11.29	111.8	41	100.5	117	62.5	295	-.000	159	+3.70	99	104.7	117	101.0	87	-0.94	186
63	Western Michigan	MAC	20-13	+11.14	111.6	43	100.4	114	64.9	217	-.067	300	+3.27	105	105.3	95	102.0	111	+1.87	110
64	Miami OH	MAC	19-11	+11.08	106.0	110	94.9	37	60.7	314	+.008	144	+5.09	78	107.0	39	101.9	107	+7.16	26
65	Indiana	B10	15-14	+11.00	109.2	68	98.2	76	61.7	304	+.011	134	+9.93	12	107.2	35	97.2	2	+7.36	23
66	Holy Cross	Pat	25-7	+10.97	104.7	131	93.8	22	63.5	268	+.012	132	-4.27	247	99.2	276	103.4	185	+0.39	154
67	Miami FL	ACC	16-13	+10.83	111.4	45	100.5	118	64.4	237	-.006	178	+7.50	35	106.7	50	99.2	29	-7.20	302
68	UCLA 11	P10	18-11	+10.74	107.8	80	97.1	58	69.2	49	+.036	87	+6.73	48	106.7	49	100.0	54	-0.43	173
69	Stanford 8	P10	18-13	+10.63	106.6	103	95.9	45	67.1	121	+.049	61	+8.47	27	107.5	25	99.1	24	+4.14	67
70	Arizona St.	P10	18-14	+10.32	111.1	48	100.8	123	68.6	73	-.050	277	+5.16	76	105.6	85	100.5	70	-4.68	278
71	Kansas St.	B12	17-12	+10.14	109.9	54	99.8	99	63.4	275	-.012	192	+6.41	58	106.2	66	99.8	50	-6.33	294
72	Akron	MAC	19-10	+10.10	106.0	111	95.9	44	66.2	162	-.014	198	+2.55	117	105.7	84	103.2	169	-1.97	217
73	Old Dominion 12	CAA	28-6	+10.04	104.7	132	94.6	31	66.4	151	+.049	57	-3.20	217	101.0	225	104.2	215	-3.98	257
74	Louisiana Lafayette 13	SB	20-11	+9.91	107.1	94	97.2	62	67.6	107	+.037	83	+2.67	114	104.8	115	102.2	122	+9.12	17
75	Oral Roberts	MCon	25-8	+9.88	107.0	96	97.1	59	69.7	42	-.013	196	-2.52	202	103.4	153	105.9	283	+2.65	91
76	Buffalo	MAC	23-10	+9.87	107.4	87	97.5	68	68.6	72	+.056	50	+3.27	104	105.5	89	102.2	126	-2.24	222
77	Penn 13	Ivy	20-9	+9.60	102.1	181	92.5	17	68.2	83	+.034	91	-1.72	187	101.8	199	103.5	188	+3.31	81
78	Saint Mary's 10	WCC	25-9	+9.41	106.8	100	97.4	64	64.9	220	+.080	20	+3.04	110	105.2	98	102.2	120	-0.59	175
79	Washington St.	P10	12-16	+9.14	96.0	264	86.9	1	57.8	327	-.048	271	+8.67	22	108.5	11	99.8	49	+5.63	44
80	Nebraska	B12	14-14	+9.13	105.2	122	96.1	48	64.9	218	-.082	313	+5.73	67	105.5	91	99.7	45	-6.91	298
85	Ohio 13	MAC	21-11	+8.29	109.8	58	101.5	138	65.7	187	+.042	70	+2.72	112	104.9	109	102.2	123	-4.24	264
95	Bucknell 14	Pat	23-10	+6.69	102.2	176	95.6	41	63.1	281	+.063	40	-2.34	198	101.4	210	103.7	197	+2.28	97
106	Niagara 14	MAAC	20-10	+5.43	115.2	16	109.8	289	70.1	38	-.027	238	-3.52	230	101.3	214	104.8	239	+0.83	137
107	Mississippi	SEC	14-17	+4.99	102.8	163	97.8	71	63.4	276	-.029	243	+6.30	59	107.0	40	100.7	78	-3.87	254
108	Winthrop 14	BSth	27-6	+4.97	101.5	195	96.5	53	63.1	286	+.065	36	-7.69	289	99.6	262	107.3	317	+2.26	10
134	Southeastern Louisiana 15	Slnd	24-9	+3.20	97.1	255	93.9	25	60.0	318	+.007	150	-4.75	258	100.3	241	105.1	250	-1.78	212
143	Eastern Kentucky 15	OVC	22-9	+1.98	102.8	164	100.8	124	66.1	167	+.099	11	-3.87	239	102.4	182	106.3	292	+1.72	113
165	Chattanooga 15	SC	20-11	+0.03	98.9	229	98.8	82	67.6	109	+.059	47	-3.78	238	101.1	223	104.9	245	+5.69	43
178	Oakland 16	MCon	13-19	-1.20	108.1	75	109.3	282	65.2	208	-.022	222	+1.99	124	105.2	99	103.2	170	+14.37	3
190	Fairleigh Dickinson 16	NEC	20-13	-2.52	102.7	166	105.2	220	68.6	74	-.003	171	-7.88	293	99.4	267	107.3	319	+0.75	139
191	Eastern Michigan	MAC	12-18	-2.54	103.8	147	106.4	235	70.1	37	-.030	244	+1.77	129	104.1	131	102.3	132	-4.93	281
192	UCF 15	ASun	24-9	-2.56	105.0	126	107.6	254	60.1	317	+.067	34	-8.61	304	99.0	280	107.7	325	-4.62	276
193	Binghamton	AE	12-17	-2.73	98.5	234	101.2	134	63.4	274	-.048	272	-2.00	194	101.0	224	103.0	153	+2.07	106
194	Montana 16	BSky	18-13	-2.73	99.9	219	102.6	160	68.2	86	+.049	56	-4.35	248	100.4	237	104.8	237	+4.56	57
209	Delaware St. 16	MEAC	19-14	-4.95	102.3	175	107.2	245	59.3	322	+.077	25	-7.47	284	97.1	311	104.6	229	+9.89	14
278	Alabama A&M 16	SWAC	15-14	-12.49	90.5	316	102.9	169	72.8	10	-.023	224	-14.52	328	92.4	327	106.9	308	+1.14	128
