1	Duke 1	ACC	31-4	+34.19	121.0	1	86.8	1	74.5	8	-.027	223	+9.87	18	109.1	13	99.2	31	+6.66	34
2	Cincinnati 1	CUSA	31-4	+30.19	118.1	7	87.9	3	67.4	194	+.002	165	+6.58	57	106.3	66	99.7	42	+3.48	80
3	Maryland 1	ACC	32-4	+29.25	119.2	4	89.9	7	73.7	15	+.025	104	+9.88	16	109.1	11	99.3	33	+1.62	120
4	Kansas 1	B12	33-4	+28.99	118.7	5	89.7	6	77.3	3	+.022	109	+10.66	10	110.3	4	99.6	40	+8.32	23
5	Oklahoma 2	B12	31-5	+26.04	114.9	20	88.9	4	66.5	228	+.043	69	+8.77	26	109.0	15	100.2	62	-0.45	169
6	Indiana 5	B10	25-12	+24.80	114.0	26	89.2	5	65.6	255	-.049	270	+14.11	2	110.8	2	96.7	2	+13.53	4
7	Florida 5	SEC	22-9	+24.72	115.1	19	90.4	8	69.6	103	-.073	300	+9.11	23	108.1	29	99.0	25	-0.56	173
8	Illinois 4	B10	26-9	+23.21	115.7	17	92.5	16	68.5	153	+.016	123	+10.60	11	109.7	9	99.1	29	+6.78	32
9	Oregon 2	P10	26-9	+22.97	119.2	3	96.3	40	71.1	61	-.041	255	+8.15	36	108.1	31	99.9	50	-3.30	245
10	Kentucky 4	SEC	22-10	+22.21	113.4	29	91.2	9	68.0	169	-.029	230	+12.97	3	110.1	6	97.1	5	+6.75	33
11	Marquette 5	CUSA	26-7	+21.47	113.4	30	91.9	11	64.6	281	+.006	155	+5.41	72	105.5	92	100.1	60	-2.87	233
12	USC 4	P10	22-10	+20.67	112.8	36	92.1	14	70.1	88	-.051	275	+9.30	21	109.2	10	99.9	51	+1.89	113
13	Arizona 3	P10	24-10	+20.54	119.3	2	98.8	82	71.1	59	+.079	15	+14.22	1	111.3	1	97.1	3	+17.56	1
14	Kent St. 10	MAC	29-6	+20.39	116.7	8	96.4	42	64.7	278	+.008	150	+3.11	104	106.0	77	102.9	141	+2.99	90
15	Stanford 8	P10	20-10	+20.32	116.6	10	96.3	41	69.5	106	-.020	205	+10.33	13	110.2	5	99.8	48	+2.11	107
16	Pittsburgh 3	BE	29-6	+19.94	112.1	39	92.2	15	63.8	293	+.000	172	+3.12	103	103.7	150	100.6	71	-12.06	325
17	Ohio St. 4	B10	24-8	+19.76	116.4	11	96.6	47	66.8	215	+.005	159	+7.51	46	106.6	58	99.1	27	-1.26	196
18	Connecticut 2	BE	27-7	+19.36	112.2	38	92.8	18	68.7	143	+.063	31	+8.18	34	107.3	44	99.1	26	+1.72	118
19	Notre Dame 8	BE	21-11	+19.27	116.1	14	96.8	52	68.6	149	-.087	307	+7.33	47	105.4	98	98.1	8	-1.55	205
21	N.C. State 7	ACC	23-11	+19.15	113.2	33	94.0	26	67.5	193	+.012	136	+8.27	31	108.6	20	100.4	65	-5.56	283
22	Alabama 2	SEC	27-8	+18.73	114.0	24	95.3	32	68.0	170	+.076	21	+8.59	29	107.1	46	98.5	15	-1.56	206
23	Xavier 7	A10	26-6	+18.60	111.2	48	92.6	17	67.0	206	+.051	54	+5.09	76	106.7	55	101.6	95	+5.37	47
24	Gonzaga 6	WCC	28-4	+18.51	115.6	18	97.1	53	68.5	155	+.049	61	+1.12	133	103.7	147	102.6	130	+4.04	75
25	Georgia 3	SEC	22-9	+18.44	116.7	9	98.3	73	69.2	121	-.021	206	+9.87	17	108.1	30	98.2	12	+3.30	83
26	Mississippi St. 3	SEC	27-8	+18.25	111.4	43	93.1	20	67.9	174	+.107	6	+8.93	25	106.7	56	97.7	6	-0.96	187
27	Texas 6	B12	22-12	+17.69	116.0	15	98.3	74	68.5	150	-.021	208	+10.18	15	109.1	14	98.9	23	+5.30	50
29	Missouri 12	B12	24-12	+17.49	116.2	12	98.7	81	70.1	89	-.010	189	+7.92	41	108.0	34	100.0	54	-0.39	166
30	Wake Forest 7	ACC	21-13	+17.35	118.6	6	101.3	126	69.5	108	+.006	156	+11.24	9	109.1	12	97.9	7	+5.85	44
31	Texas Tech 6	B12	23-9	+17.24	114.6	21	97.4	59	69.8	96	+.061	36	+6.69	55	106.8	50	100.2	61	-0.13	159
32	Michigan St. 10	B10	19-12	+16.86	113.0	34	96.2	38	63.3	297	-.026	219	+9.76	19	108.5	21	98.7	19	+1.51	126
34	Mississippi 9	SEC	19-11	+16.68	113.3	31	96.7	48	64.7	279	-.040	253	+7.32	48	105.9	80	98.6	16	-6.23	292
35	UCLA 8	P10	21-12	+16.34	113.7	27	97.3	58	68.1	167	+.048	62	+12.00	6	110.1	7	98.1	10	+8.58	20
37	California 6	P10	23-9	+16.03	109.8	66	93.7	25	66.6	220	+.088	12	+7.89	42	107.9	36	100.0	53	-5.85	285
38	Oklahoma St. 7	B12	23-9	+15.80	107.9	88	92.1	13	66.0	241	+.047	64	+7.11	51	107.8	38	100.7	73	+0.53	149
39	Miami FL 5	BE	24-8	+15.77	110.5	56	94.7	30	69.1	129	+.017	118	+5.75	67	105.0	109	99.3	32	-5.03	273
40	Charlotte 9	CUSA	18-12	+15.73	114.2	23	98.5	77	66.8	214	-.008	185	+9.23	22	107.3	43	98.1	9	+6.48	36
41	Tulsa 12	WAC	26-7	+15.59	116.0	16	100.4	107	69.5	110	+.001	169	+2.03	122	103.7	151	101.7	100	-1.44	202
42	Dayton	A10	21-11	+15.53	112.9	35	97.4	60	66.6	222	-.042	259	+2.83	107	104.5	122	101.7	99	+1.32	130
43	Minnesota	B10	18-13	+14.54	113.5	28	99.0	85	68.9	137	-.045	264	+7.29	49	107.4	42	100.1	55	+1.34	129
44	Western Kentucky 9	SB	26-4	+14.51	110.5	55	96.0	36	67.5	192	+.060	40	+0.23	150	103.1	177	102.8	138	+0.29	153
45	Utah 12	MWC	19-9	+14.08	111.4	44	97.3	57	62.1	314	+.010	140	+5.38	73	106.2	74	100.8	75	+1.57	123
46	Iowa	B10	19-16	+13.66	110.4	57	96.8	51	69.0	134	-.060	288	+8.62	28	108.3	25	99.7	41	+1.48	127
47	Valparaiso 13	MCon	24-8	+13.63	111.5	42	97.8	65	68.7	144	-.032	239	-1.66	196	102.9	183	104.6	216	+2.05	110
48	Temple	A10	19-15	+13.57	114.0	25	100.4	112	62.2	312	-.038	250	+8.04	37	107.5	41	99.5	39	+14.74	2
49	Southern Illinois 11	MVC	28-8	+13.45	109.2	73	95.7	33	70.6	71	+.034	86	+2.11	119	105.2	105	103.1	148	+3.16	86
50	Wisconsin 8	B10	18-13	+13.22	110.7	53	97.5	61	63.3	299	+.049	60	+10.57	12	108.9	16	98.3	14	+8.49	22
51	Hawaii 10	WAC	26-6	+13.15	110.3	58	97.2	55	65.6	253	+.007	154	-0.72	178	102.8	188	103.5	173	-9.70	319
52	Villanova	BE	19-13	+13.14	106.7	108	93.5	23	67.3	201	-.055	281	+6.67	56	106.5	60	99.8	47	-4.50	266
53	Virginia	ACC	17-12	+12.92	112.0	40	99.1	87	69.4	113	-.017	197	+7.99	39	107.9	37	99.9	49	-3.62	251
54	Tennessee	SEC	15-16	+12.67	110.9	52	98.2	72	66.7	219	-.044	262	+12.03	5	108.6	18	96.6	1	+5.36	48
55	Ball St.	MAC	23-12	+12.66	113.3	32	100.6	117	69.1	130	+.012	135	+3.72	98	105.8	83	102.1	112	+8.95	15
56	Syracuse	BE	23-13	+12.61	106.1	114	93.5	22	69.4	114	-.005	178	+6.13	62	105.6	91	99.5	36	-1.37	199
57	Arkansas	SEC	14-15	+12.56	108.8	76	96.2	39	71.9	44	-.062	290	+11.25	8	108.3	24	97.1	4	+4.83	60
58	Penn 11	Ivy	25-7	+12.23	110.2	60	98.0	68	65.6	252	-.019	200	-2.38	210	101.9	212	104.3	202	+0.99	136
59	Creighton 12	MVC	23-9	+11.82	111.3	47	99.5	92	66.9	213	+.029	99	+1.39	129	104.8	113	103.4	167	+0.94	138
60	Bowling Green	MAC	23-9	+11.76	111.3	46	99.6	94	66.6	221	+.021	111	+2.13	118	105.6	90	103.5	170	+0.85	142
61	Louisville	CUSA	19-13	+11.74	108.1	84	96.4	44	72.6	29	+.008	149	+6.99	52	106.7	51	99.7	45	+1.75	117
62	Pepperdine 10	WCC	21-9	+11.72	111.1	49	99.3	89	72.4	33	+.061	35	+3.96	95	105.7	87	101.7	102	+11.94	8
63	BYU	MWC	17-12	+11.55	109.2	72	97.7	63	65.4	261	-.045	263	+5.74	68	106.7	52	101.0	79	+3.23	84
64	Louisiana Tech	WAC	20-10	+11.43	110.0	61	98.6	79	66.3	231	+.002	167	+3.23	102	104.0	139	100.8	74	+3.66	77
65	UNC Wilmington 13	CAA	23-10	+11.32	107.4	98	96.1	37	63.9	292	-.003	173	+0.83	141	103.2	169	102.4	119	+4.56	65
66	LSU	SEC	18-15	+11.10	105.4	123	94.3	28	64.9	275	-.048	267	+6.88	54	106.4	65	99.5	38	-9.97	321
67	Wyoming 11	MWC	22-9	+11.01	107.8	91	96.7	50	69.0	136	+.032	92	+3.51	100	105.5	94	102.0	109	-5.47	282
68	Saint Joseph's	A10	19-12	+10.81	114.4	22	103.6	180	67.7	184	-.009	187	+4.73	84	106.4	63	101.7	101	+5.02	56
69	Arizona St.	P10	14-15	+10.54	108.6	78	98.1	69	71.7	47	-.090	312	+7.95	40	108.5	23	100.5	68	-8.11	308
70	Georgia Tech	ACC	15-16	+10.50	111.1	50	100.6	116	70.5	74	-.022	212	+8.63	27	108.0	33	99.4	35	+0.93	139
71	Boston College 11	BE	20-12	+9.97	109.4	70	99.4	91	69.1	128	+.040	75	+6.41	58	105.3	102	98.9	22	-2.77	230
72	Tennessee Tech	OVC	24-7	+9.44	109.9	65	100.4	109	67.2	204	+.003	162	-2.73	216	103.4	164	106.1	270	+3.00	89
73	South Florida	CUSA	19-13	+9.43	107.9	87	98.4	76	71.8	46	+.018	114	+5.41	71	105.8	82	100.4	67	-0.10	157
74	San Diego St. 13	MWC	21-12	+9.29	106.9	104	97.6	62	70.0	93	+.055	46	+5.64	70	106.7	53	101.1	82	+0.67	144
75	Utah St.	BW	22-8	+9.17	106.3	111	97.2	56	63.3	301	-.025	215	-2.19	207	102.3	203	104.5	213	-1.62	207
76	St. John's 9	BE	20-12	+9.06	102.7	170	93.6	24	69.1	125	+.089	11	+6.40	59	106.5	61	100.1	57	-0.79	181
77	UC Santa Barbara 14	BW	19-11	+8.87	108.2	81	99.3	90	63.4	296	-.058	284	+0.45	146	103.1	175	102.6	134	+3.37	82
78	St. Bonaventure	A10	17-13	+8.59	116.1	13	107.5	249	71.5	53	-.030	235	+4.46	87	105.5	97	101.0	80	+5.85	43
79	College of Charleston	SC	20-8	+8.41	105.0	132	96.6	46	62.1	315	-.041	256	-3.20	224	101.0	231	104.2	200	-6.60	296
80	Richmond	A10	22-14	+8.31	104.1	144	95.8	34	60.8	319	+.069	24	+4.71	86	106.2	70	101.5	92	+5.10	53
100	McNeese St. 14	Slnd	20-9	+5.39	103.2	157	97.8	66	66.2	235	+.023	108	-4.60	244	99.6	258	104.2	197	+12.81	5
116	Hampton 15	MEAC	25-7	+3.99	109.9	64	105.9	227	69.1	127	+.013	133	-8.67	291	98.3	285	107.0	292	+0.87	141
117	Marist	MAAC	19-9	+3.98	106.7	107	102.8	160	68.4	157	-.059	285	-5.53	253	99.2	268	104.7	221	-4.28	261
118	Illinois Chicago 15	Horz	18-14	+3.85	108.9	74	105.0	208	67.5	191	+.040	74	+1.84	124	104.1	136	102.2	118	+0.66	145
119	Davidson 13	SC	18-10	+3.70	101.5	187	97.8	64	65.1	271	+.142	1	+1.80	125	104.2	131	102.4	124	+9.42	13
120	Kansas St.	B12	13-16	+3.67	104.0	146	100.3	105	65.9	244	-.005	179	+5.86	66	107.8	39	101.9	107	-5.37	279
146	Murray St. 14	OVC	17-13	+1.35	106.8	106	105.5	215	69.2	122	+.017	115	-1.74	198	103.2	170	104.9	228	+3.98	76
147	La Salle	A10	15-17	+1.32	103.9	147	102.6	157	66.0	242	+.034	87	+3.26	101	104.5	121	101.2	84	+1.97	112
148	Yale	Ivy	21-10	+1.09	102.9	163	101.8	139	73.1	21	+.040	76	-6.19	259	99.6	257	105.8	257	-10.05	322
149	UCF	ASun	16-12	+0.98	104.4	139	103.4	174	69.7	99	-.080	305	-5.92	256	101.7	220	107.6	303	-2.67	228
150	Central Connecticut 14	NEC	27-5	+0.93	100.6	202	99.7	96	64.0	291	+.137	3	-11.95	318	97.4	307	109.3	323	-4.99	271
162	Holy Cross 16	Pat	18-15	-0.24	98.1	245	98.4	75	62.2	313	-.048	268	-6.40	264	99.5	261	105.9	262	-3.38	246
174	Siena 16	MAAC	17-19	-1.21	100.8	201	102.0	141	66.5	223	-.070	296	-4.14	237	100.1	246	104.2	199	-0.42	16
191	Florida Atlantic 15	ASun	18-12	-2.50	99.6	220	102.1	142	70.2	82	+.060	38	-4.94	247	101.9	213	106.9	289	-4.52	267
192	West Virginia	BE	7-20	-2.62	103.4	154	106.1	228	72.0	41	-.029	234	+7.12	50	106.2	69	99.1	28	-0.46	171
193	Cleveland St.	Horz	12-16	-2.66	97.6	253	100.3	103	68.7	145	-.035	244	-1.20	186	103.8	144	105.0	231	-5.91	286
194	Boston University 16	AE	22-10	-2.74	101.3	192	104.0	187	64.5	282	+.102	7	-9.18	299	97.5	305	106.6	284	+0.25	154
210	Montana 15	BSky	14-15	-4.51	102.4	176	106.9	239	68.5	156	+.053	51	-1.95	199	103.2	168	105.2	236	+0.44	150
219	Winthrop 16	BSth	17-12	-5.31	97.3	258	102.6	155	65.9	243	+.038	79	-10.73	311	97.0	313	107.7	304	-0.98	188
252	Alcorn St. 16	SWAC	20-10	-8.71	100.1	213	108.8	268	73.0	23	+.097	8	-14.53	325	95.0	325	109.6	325	+2.59	101